
====================SMT Binary Search====================
Iteration  | Cu. Length      | Next Length   | Time (sec)   
---------------------------------------------------------
1          | 136200          | 68100         | 0.034        
2          | 68100           | 102150        | 0.276        
3          | 102150          | 85125         | 0.033        
4          | 85125           | 93638         | 1.360        
5          | 93638           | 97895         | 2.020        
6          | 97895           | 95766         | 0.046        
7          | 95766           | 96831         | 2.016        
8          | 96831           | 97364         | 2.023        
9          | 97364           | 97631         | 2.017        
10         | 97631           | 97765         | 2.015        
11         | 97765           | 97698         | 0.048        
12         | 97698           | 97732         | 2.038        
13         | 97732           | 97715         | 0.050        
14         | 97715           | 97706         | 0.052        
15         | 97706           | 97711         | 2.015        
16         | 97711           | 97708         | 0.051        
17         | 97708           | 97706         | 0.051        
18         | 97706           | 97707         | 2.018        
19         | 97706           | 97708         | 2.019        
20         | 97708           | 97707         | 0.050        
21         | 97708           | 97708         | 2.023        

  -- Verifying last unsat: 
	/home/nvidia/work/gits/RTG-Synch/simulator/smt/generated/mixed_n10_e0_rr_m8_N8/ts4_u5_p1230/scripts/gl97707.smt2
  -- Last unsat verified in 6.774 secs
---------------------------------------------------------

