
====================SMT Binary Search====================
Iteration  | Cu. Length      | Next Length   | Time (sec)   
---------------------------------------------------------
1          | 117100          | 58550         | 0.035        
2          | 58550           | 87825         | 0.257        
3          | 87825           | 102463        | 2.025        
4          | 102463          | 95144         | 0.034        
5          | 95144           | 91484         | 0.036        
6          | 91484           | 89654         | 0.039        
7          | 89654           | 90569         | 2.016        
8          | 90569           | 91027         | 2.015        
9          | 91027           | 90798         | 0.035        
10         | 90798           | 90683         | 0.035        
11         | 90683           | 90625         | 0.035        
12         | 90625           | 90596         | 0.042        
13         | 90596           | 90611         | 2.026        
14         | 90611           | 90603         | 0.036        
15         | 90603           | 90607         | 2.015        
16         | 90607           | 90609         | 2.026        
17         | 90609           | 90608         | 0.037        
18         | 90609           | 90609         | 2.009        

  -- Verifying last unsat: 
	/home/nvidia/work/gits/RTG-Synch/simulator/smt/generated/mixed_n10_e0_rr_m8_N8/ts1_u6_p1062/scripts/gl90608.smt2
  -- Last unsat verified in 3.711 secs
---------------------------------------------------------

