
====================SMT Binary Search====================
Iteration  | Cu. Length      | Next Length   | Time (sec)   
---------------------------------------------------------
1          | 9200            | 4600          | 0.021        
2          | 4600            | 6900          | 0.020        
3          | 6900            | 5750          | 0.019        
4          | 5750            | 6325          | 0.019        
5          | 6325            | 6613          | 0.018        
6          | 6613            | 6757          | 0.019        
7          | 6757            | 6685          | 0.019        
8          | 6685            | 6721          | 0.018        
9          | 6721            | 6703          | 0.019        
10         | 6703            | 6694          | 0.019        
11         | 6694            | 6699          | 0.018        
12         | 6699            | 6702          | 0.018        
13         | 6702            | 6700          | 0.018        
14         | 6700            | 6699          | 0.019        
15         | 6700            | 6700          | 0.018        

  -- Verifying last unsat: 
	/home/nvidia/work/gits/RTG-Synch/simulator/smt/generated/mixed_n1_e50_rr_m8_N4/ts1_u7_p162/scripts/gl6699.smt2
  -- Last unsat verified in 0.018 secs
---------------------------------------------------------

