
====================SMT Binary Search====================
Iteration  | Cu. Length      | Next Length   | Time (sec)   
---------------------------------------------------------
1          | 31800           | 15900         | 0.032        
2          | 15900           | 23850         | 0.185        
3          | 23850           | 19875         | 0.030        
4          | 19875           | 21863         | 1.033        
5          | 21863           | 20869         | 0.029        
6          | 20869           | 20372         | 0.029        
7          | 20372           | 20123         | 0.050        
8          | 20123           | 20248         | 1.071        
9          | 20248           | 20185         | 0.043        
10         | 20185           | 20217         | 1.025        
11         | 20217           | 20201         | 0.039        
12         | 20201           | 20193         | 0.040        
13         | 20193           | 20197         | 0.985        
14         | 20197           | 20199         | 1.072        
15         | 20199           | 20200         | 0.975        
16         | 20199           | 20199         | 0.038        

  -- Verifying last unsat: 
	/home/nvidia/work/gits/RTG-Synch/simulator/smt/generated/mixed_n10_e0_rr_m8_N8/ts10_u7_p271/scripts/gl20199.smt2
  -- Last unsat verified in 0.973 secs
---------------------------------------------------------

