
====================SMT Binary Search====================
Iteration  | Cu. Length      | Next Length   | Time (sec)   
---------------------------------------------------------
1          | 122600          | 61300         | 0.033        
2          | 61300           | 91950         | 0.178        
3          | 91950           | 76625         | 0.030        
4          | 76625           | 84288         | 1.158        
5          | 84288           | 80456         | 0.030        
6          | 80456           | 78540         | 0.041        
7          | 78540           | 79498         | 2.008        
8          | 79498           | 79019         | 0.070        
9          | 79019           | 78779         | 0.071        
10         | 78779           | 78659         | 0.042        
11         | 78659           | 78719         | 2.007        
12         | 78719           | 78749         | 2.008        
13         | 78749           | 78764         | 2.008        
14         | 78764           | 78772         | 2.007        
15         | 78772           | 78776         | 2.008        
16         | 78776           | 78774         | 0.042        
17         | 78774           | 78773         | 0.042        
18         | 78774           | 78774         | 2.007        

  -- Verifying last unsat: 
	/home/nvidia/work/gits/RTG-Synch/simulator/smt/generated/mixed_n10_e0_rr_m8_N8/ts4_u7_p949/scripts/gl78773.smt2
  -- Last unsat verified in 3.373 secs
---------------------------------------------------------

