
====================SMT Binary Search====================
Iteration  | Cu. Length      | Next Length   | Time (sec)   
---------------------------------------------------------
1          | 65400           | 32700         | 0.033        
2          | 32700           | 49050         | 0.485        
3          | 49050           | 40875         | 0.031        
4          | 40875           | 36787         | 0.041        
5          | 36787           | 38831         | 2.007        
6          | 38831           | 39853         | 2.007        
7          | 39853           | 39342         | 0.038        
8          | 39342           | 39086         | 0.037        
9          | 39086           | 39214         | 2.006        
10         | 39214           | 39150         | 0.038        
11         | 39150           | 39118         | 0.038        
12         | 39118           | 39102         | 0.038        
13         | 39102           | 39094         | 0.039        
14         | 39094           | 39090         | 0.039        
15         | 39090           | 39088         | 0.039        
16         | 39088           | 39089         | 2.007        
17         | 39088           | 39090         | 2.006        
18         | 39090           | 39089         | 0.039        
19         | 39090           | 39090         | 2.012        

  -- Verifying last unsat: 
	/home/nvidia/work/gits/RTG-Synch/simulator/smt/generated/mixed_n10_e0_rr_m8_N8/ts3_u6_p672/scripts/gl39089.smt2
  -- Last unsat verified in 12.882 secs
---------------------------------------------------------

