
====================SMT Binary Search====================
Iteration  | Cu. Length      | Next Length   | Time (sec)   
---------------------------------------------------------
1          | 25100           | 12550         | 0.031        
2          | 12550           | 18825         | 0.429        
3          | 18825           | 15687         | 0.036        
4          | 15687           | 14118         | 0.058        
5          | 14118           | 13333         | 0.060        
6          | 13333           | 12940         | 0.079        
7          | 12940           | 13137         | 1.429        
8          | 13137           | 13038         | 0.075        
9          | 13038           | 12988         | 0.082        
10         | 12988           | 13013         | 1.508        
11         | 13013           | 13000         | 0.086        
12         | 13000           | 12993         | 0.085        
13         | 12993           | 12997         | 1.410        
14         | 12997           | 12999         | 1.498        
15         | 12999           | 13000         | 1.453        
16         | 12999           | 12999         | 0.084        

  -- Verifying last unsat: 
	/home/nvidia/work/gits/RTG-Synch/simulator/smt/generated/mixed_n10_e0_rr_m8_N8/ts5_u5_p184/scripts/gl12999.smt2
  -- Last unsat verified in 1.476 secs
---------------------------------------------------------

