
====================SMT Binary Search====================
Iteration  | Cu. Length      | Next Length   | Time (sec)   
---------------------------------------------------------
1          | 58800           | 29400         | 0.033        
2          | 29400           | 44100         | 0.145        
3          | 44100           | 36750         | 0.032        
4          | 36750           | 40425         | 2.007        
5          | 40425           | 38587         | 0.032        
6          | 38587           | 39506         | 2.007        
7          | 39506           | 39046         | 0.093        
8          | 39046           | 38816         | 0.091        
9          | 38816           | 38701         | 0.089        
10         | 38701           | 38643         | 0.086        
11         | 38643           | 38614         | 0.085        
12         | 38614           | 38629         | 2.008        
13         | 38629           | 38637         | 2.015        
14         | 38637           | 38633         | 0.104        
15         | 38633           | 38635         | 2.009        
16         | 38635           | 38634         | 0.097        
17         | 38635           | 38635         | 2.008        

  -- Verifying last unsat: 
	/home/nvidia/work/gits/RTG-Synch/simulator/smt/generated/mixed_n10_e0_rr_m8_N8/ts5_u7_p492/scripts/gl38634.smt2
  -- Last unsat verified in 6.378 secs
---------------------------------------------------------

