
====================SMT Binary Search====================
Iteration  | Cu. Length      | Next Length   | Time (sec)   
---------------------------------------------------------
1          | 44300           | 22150         | 0.022        
2          | 22150           | 33225         | 0.021        
3          | 33225           | 27687         | 0.020        
4          | 27687           | 30456         | 0.019        
5          | 30456           | 31841         | 0.019        
6          | 31841           | 32534         | 0.019        
7          | 32534           | 32187         | 0.019        
8          | 32187           | 32361         | 0.019        
9          | 32361           | 32448         | 0.020        
10         | 32448           | 32492         | 0.019        
11         | 32492           | 32514         | 0.019        
12         | 32514           | 32503         | 0.020        
13         | 32503           | 32497         | 0.019        
14         | 32497           | 32500         | 0.019        
15         | 32500           | 32498         | 0.021        
16         | 32498           | 32499         | 0.020        
17         | 32498           | 32500         | 0.019        
18         | 32500           | 32499         | 0.019        
19         | 32500           | 32500         | 0.020        

  -- Verifying last unsat: 
	/home/nvidia/work/gits/RTG-Synch/simulator/smt/generated/mixed_n1_e50_rr_m8_N4/ts1_u3_p821/scripts/gl32499.smt2
  -- Last unsat verified in 0.019 secs
---------------------------------------------------------

