
====================SMT Binary Search====================
Iteration  | Cu. Length      | Next Length   | Time (sec)   
---------------------------------------------------------
1          | 73400           | 36700         | 0.031        
2          | 36700           | 55050         | 0.049        
3          | 55050           | 45875         | 0.028        
4          | 45875           | 50463         | 0.066        
5          | 50463           | 48169         | 0.031        
6          | 48169           | 49316         | 0.093        
7          | 49316           | 48742         | 0.040        
8          | 48742           | 49029         | 0.147        
9          | 49029           | 49173         | 0.113        
10         | 49173           | 49101         | 0.032        
11         | 49101           | 49137         | 0.117        
12         | 49137           | 49155         | 0.123        
13         | 49155           | 49146         | 0.035        
14         | 49146           | 49151         | 0.124        
15         | 49151           | 49154         | 0.123        
16         | 49154           | 49152         | 0.032        
17         | 49152           | 49153         | 0.119        
18         | 49152           | 49154         | 0.110        
19         | 49154           | 49153         | 0.035        
20         | 49154           | 49154         | 0.110        

  -- Verifying last unsat: 
	/home/nvidia/work/gits/RTG-Synch/simulator/smt/generated/mixed_n10_e0_rr_m8_N8/ts2_u7_p1017/scripts/gl49153.smt2
  -- Last unsat verified in 0.114 secs
---------------------------------------------------------

