
====================SMT Binary Search====================
Iteration  | Cu. Length      | Next Length   | Time (sec)   
---------------------------------------------------------
1          | 73600           | 36800         | 0.024        
2          | 36800           | 55200         | 0.026        
3          | 55200           | 64400         | 0.026        
4          | 64400           | 59800         | 0.031        
5          | 59800           | 57500         | 0.024        
6          | 57500           | 56350         | 0.026        
7          | 56350           | 55775         | 0.024        
8          | 55775           | 56063         | 0.026        
9          | 56063           | 56207         | 0.027        
10         | 56207           | 56135         | 0.026        
11         | 56135           | 56171         | 0.029        
12         | 56171           | 56189         | 0.026        
13         | 56189           | 56198         | 0.027        
14         | 56198           | 56203         | 0.026        
15         | 56203           | 56200         | 0.024        
16         | 56200           | 56198         | 0.025        
17         | 56198           | 56199         | 0.028        
18         | 56198           | 56200         | 0.031        
19         | 56200           | 56199         | 0.026        
20         | 56200           | 56200         | 0.028        

  -- Verifying last unsat: 
	/home/nvidia/work/gits/RTG-Synch/simulator/smt/generated/mixed_n10_e0_rr_m8_N8/ts7_u3_p1040/scripts/gl56199.smt2
  -- Last unsat verified in 0.027 secs
---------------------------------------------------------

