
====================SMT Binary Search====================
Iteration  | Cu. Length      | Next Length   | Time (sec)   
---------------------------------------------------------
1          | 36600           | 18300         | 0.020        
2          | 18300           | 27450         | 0.021        
3          | 27450           | 32025         | 0.021        
4          | 32025           | 34313         | 0.020        
5          | 34313           | 35457         | 0.020        
6          | 35457           | 34885         | 0.020        
7          | 34885           | 35171         | 0.020        
8          | 35171           | 35028         | 0.020        
9          | 35028           | 34956         | 0.020        
10         | 34956           | 34992         | 0.021        
11         | 34992           | 34974         | 0.020        
12         | 34974           | 34983         | 0.020        
13         | 34983           | 34988         | 0.021        
14         | 34988           | 34985         | 0.020        
15         | 34985           | 34987         | 0.020        
16         | 34987           | 34986         | 0.021        
17         | 34987           | 34985         | 0.020        
18         | 34985           | 34986         | 0.021        
19         | 34985           | 34985         | 0.021        

  -- Verifying last unsat: 
	/home/nvidia/work/gits/RTG-Synch/simulator/smt/generated/mixed_n10_e0_rr_m8_N8/ts7_u7_p921/scripts/gl34985.smt2
  -- Last unsat verified in 0.020 secs
---------------------------------------------------------

