
====================SMT Binary Search====================
Iteration  | Cu. Length      | Next Length   | Time (sec)   
---------------------------------------------------------
1          | 83700           | 41850         | 0.032        
2          | 41850           | 62775         | 0.212        
3          | 62775           | 73238         | 1.151        
4          | 73238           | 78470         | 2.007        
5          | 78470           | 75854         | 0.031        
6          | 75854           | 74546         | 0.056        
7          | 74546           | 75200         | 2.008        
8          | 75200           | 74873         | 0.062        
9          | 74873           | 75037         | 2.008        
10         | 75037           | 74955         | 0.061        
11         | 74955           | 74914         | 0.061        
12         | 74914           | 74893         | 0.061        
13         | 74893           | 74904         | 2.008        
14         | 74904           | 74910         | 2.008        
15         | 74910           | 74907         | 0.061        
16         | 74907           | 74905         | 0.062        
17         | 74905           | 74904         | 0.067        
18         | 74905           | 74905         | 2.008        

  -- Verifying last unsat: 
	/home/nvidia/work/gits/RTG-Synch/simulator/smt/generated/mixed_n10_e0_rr_m8_N8/ts9_u7_p676/scripts/gl74904.smt2
  -- Last unsat verified in 9.147 secs
---------------------------------------------------------

