
====================SMT Binary Search====================
Iteration  | Cu. Length      | Next Length   | Time (sec)   
---------------------------------------------------------
1          | 50600           | 25300         | 0.025        
2          | 25300           | 37950         | 0.026        
3          | 37950           | 31625         | 0.024        
4          | 31625           | 34788         | 0.031        
5          | 34788           | 33206         | 0.023        
6          | 33206           | 33997         | 0.033        
7          | 33997           | 33601         | 0.024        
8          | 33601           | 33403         | 0.025        
9          | 33403           | 33304         | 0.024        
10         | 33304           | 33354         | 0.033        
11         | 33354           | 33379         | 0.034        
12         | 33379           | 33366         | 0.025        
13         | 33366           | 33359         | 0.025        
14         | 33359           | 33363         | 0.034        
15         | 33363           | 33361         | 0.025        
16         | 33361           | 33362         | 0.034        
17         | 33361           | 33363         | 0.034        
18         | 33363           | 33362         | 0.024        
19         | 33363           | 33363         | 0.032        

  -- Verifying last unsat: 
	/home/nvidia/work/gits/RTG-Synch/simulator/smt/generated/mixed_n10_e0_rr_m8_N8/ts10_u2_p767/scripts/gl33362.smt2
  -- Last unsat verified in 0.031 secs
---------------------------------------------------------

