
====================SMT Binary Search====================
Iteration  | Cu. Length      | Next Length   | Time (sec)   
---------------------------------------------------------
1          | 61700           | 30850         | 0.033        
2          | 30850           | 46275         | 0.044        
3          | 46275           | 38562         | 0.029        
4          | 38562           | 42419         | 0.061        
5          | 42419           | 40490         | 0.029        
6          | 40490           | 39525         | 0.035        
7          | 39525           | 39042         | 0.029        
8          | 39042           | 39284         | 0.059        
9          | 39284           | 39163         | 0.026        
10         | 39163           | 39102         | 0.029        
11         | 39102           | 39071         | 0.030        
12         | 39071           | 39087         | 0.060        
13         | 39087           | 39095         | 0.065        
14         | 39095           | 39099         | 0.063        
15         | 39099           | 39101         | 0.066        
16         | 39101           | 39100         | 0.027        
17         | 39101           | 39099         | 0.027        
18         | 39099           | 39100         | 0.070        
19         | 39099           | 39099         | 0.026        

  -- Verifying last unsat: 
	/home/nvidia/work/gits/RTG-Synch/simulator/smt/generated/mixed_n10_e0_rr_m8_N8/ts1_u3_p821/scripts/gl39099.smt2
  -- Last unsat verified in 0.064 secs
---------------------------------------------------------

