
====================SMT Binary Search====================
Iteration  | Cu. Length      | Next Length   | Time (sec)   
---------------------------------------------------------
1          | 16500           | 8250          | 0.035        
2          | 8250            | 12375         | 0.189        
3          | 12375           | 10312         | 0.035        
4          | 10312           | 9280          | 0.070        
5          | 9280            | 9796          | 1.556        
6          | 9796            | 9538          | 0.084        
7          | 9538            | 9409          | 0.072        
8          | 9409            | 9344          | 0.085        
9          | 9344            | 9377          | 1.458        
10         | 9377            | 9394          | 1.468        
11         | 9394            | 9385          | 0.102        
12         | 9385            | 9380          | 0.092        
13         | 9380            | 9377          | 0.090        
14         | 9377            | 9379          | 1.511        
15         | 9379            | 9378          | 0.061        
16         | 9379            | 9377          | 0.064        
17         | 9377            | 9378          | 1.485        
18         | 9377            | 9377          | 0.062        

  -- Verifying last unsat: 
	/home/nvidia/work/gits/RTG-Synch/simulator/smt/generated/mixed_n10_e0_rr_m8_N8/ts2_u6_p141/scripts/gl9377.smt2
  -- Last unsat verified in 1.572 secs
---------------------------------------------------------

