
====================SMT Binary Search====================
Iteration  | Cu. Length      | Next Length   | Time (sec)   
---------------------------------------------------------
1          | 38100           | 19050         | 0.030        
2          | 19050           | 28575         | 0.161        
3          | 28575           | 33338         | 0.433        
4          | 33338           | 30956         | 0.056        
5          | 30956           | 32147         | 0.565        
6          | 32147           | 32743         | 0.833        
7          | 32743           | 33041         | 0.916        
8          | 33041           | 33190         | 1.083        
9          | 33190           | 33265         | 1.260        
10         | 33265           | 33303         | 1.576        
11         | 33303           | 33284         | 0.050        
12         | 33284           | 33294         | 1.571        
13         | 33294           | 33299         | 1.578        
14         | 33299           | 33302         | 1.446        
15         | 33302           | 33300         | 0.051        
16         | 33300           | 33299         | 0.051        
17         | 33300           | 33300         | 1.395        

  -- Verifying last unsat: 
	/home/nvidia/work/gits/RTG-Synch/simulator/smt/generated/mixed_n10_e0_rr_m8_N8/ts3_u7_p320/scripts/gl33299.smt2
  -- Last unsat verified in 1.391 secs
---------------------------------------------------------

