
====================SMT Binary Search====================
Iteration  | Cu. Length      | Next Length   | Time (sec)   
---------------------------------------------------------
1          | 49000           | 24500         | 0.023        
2          | 24500           | 36750         | 0.022        
3          | 36750           | 30625         | 0.023        
4          | 30625           | 33688         | 0.022        
5          | 33688           | 35220         | 0.023        
6          | 35220           | 34454         | 0.022        
7          | 34454           | 34837         | 0.022        
8          | 34837           | 34645         | 0.022        
9          | 34645           | 34549         | 0.022        
10         | 34549           | 34597         | 0.022        
11         | 34597           | 34621         | 0.022        
12         | 34621           | 34609         | 0.023        
13         | 34609           | 34603         | 0.023        
14         | 34603           | 34600         | 0.023        
15         | 34600           | 34598         | 0.023        
16         | 34598           | 34599         | 0.022        
17         | 34598           | 34600         | 0.023        
18         | 34600           | 34599         | 0.022        
19         | 34600           | 34600         | 0.023        

  -- Verifying last unsat: 
	/home/nvidia/work/gits/RTG-Synch/simulator/smt/generated/mixed_n10_e0_rr_m8_N8/ts8_u6_p921/scripts/gl34599.smt2
  -- Last unsat verified in 0.022 secs
---------------------------------------------------------

