
====================SMT Binary Search====================
Iteration  | Cu. Length      | Next Length   | Time (sec)   
---------------------------------------------------------
1          | 70900           | 35450         | 0.030        
2          | 35450           | 53175         | 0.168        
3          | 53175           | 44312         | 0.028        
4          | 44312           | 48744         | 2.007        
5          | 48744           | 46528         | 0.029        
6          | 46528           | 45420         | 0.028        
7          | 45420           | 44866         | 0.029        
8          | 44866           | 45143         | 2.007        
9          | 45143           | 45282         | 2.006        
10         | 45282           | 45212         | 0.029        
11         | 45212           | 45247         | 2.007        
12         | 45247           | 45229         | 0.030        
13         | 45229           | 45238         | 2.007        
14         | 45238           | 45243         | 2.007        
15         | 45243           | 45240         | 0.031        
16         | 45240           | 45238         | 0.030        
17         | 45238           | 45239         | 2.007        
18         | 45238           | 45240         | 2.007        
19         | 45240           | 45239         | 0.029        
20         | 45240           | 45240         | 2.007        

  -- Verifying last unsat: 
	/home/nvidia/work/gits/RTG-Synch/simulator/smt/generated/mixed_n10_e0_rr_m8_N8/ts8_u7_p581/scripts/gl45239.smt2
  -- Last unsat verified in 3.823 secs
---------------------------------------------------------

