
====================SMT Binary Search====================
Iteration  | Cu. Length      | Next Length   | Time (sec)   
---------------------------------------------------------
1          | 71800           | 35900         | 0.033        
2          | 35900           | 53850         | 0.144        
3          | 53850           | 44875         | 0.032        
4          | 44875           | 40387         | 0.079        
5          | 40387           | 42631         | 0.831        
6          | 42631           | 41509         | 0.071        
7          | 41509           | 42070         | 0.746        
8          | 42070           | 41789         | 0.080        
9          | 41789           | 41648         | 0.075        
10         | 41648           | 41577         | 0.076        
11         | 41577           | 41541         | 0.076        
12         | 41541           | 41523         | 0.077        
13         | 41523           | 41532         | 0.745        
14         | 41532           | 41537         | 0.755        
15         | 41537           | 41540         | 0.816        
16         | 41540           | 41538         | 0.077        
17         | 41538           | 41539         | 0.766        
18         | 41538           | 41540         | 0.723        
19         | 41540           | 41539         | 0.078        
20         | 41540           | 41540         | 0.723        

  -- Verifying last unsat: 
	/home/nvidia/work/gits/RTG-Synch/simulator/smt/generated/mixed_n10_e0_rr_m8_N8/ts9_u6_p592/scripts/gl41539.smt2
  -- Last unsat verified in 0.732 secs
---------------------------------------------------------

