
====================SMT Binary Search====================
Iteration  | Cu. Length      | Next Length   | Time (sec)   
---------------------------------------------------------
1          | 112900          | 56450         | 0.035        
2          | 56450           | 84675         | 0.250        
3          | 84675           | 70562         | 0.037        
4          | 70562           | 63505         | 0.050        
5          | 63505           | 67034         | 0.205        
6          | 67034           | 68799         | 0.733        
7          | 68799           | 67916         | 0.050        
8          | 67916           | 67474         | 0.055        
9          | 67474           | 67695         | 1.087        
10         | 67695           | 67806         | 1.130        
11         | 67806           | 67862         | 1.097        
12         | 67862           | 67834         | 0.085        
13         | 67834           | 67820         | 0.059        
14         | 67820           | 67813         | 0.061        
15         | 67813           | 67817         | 1.105        
16         | 67817           | 67815         | 0.060        
17         | 67815           | 67814         | 0.061        
18         | 67815           | 67815         | 1.195        

  -- Verifying last unsat: 
	/home/nvidia/work/gits/RTG-Synch/simulator/smt/generated/mixed_n10_e0_rr_m8_N8/ts2_u7_p934/scripts/gl67814.smt2
  -- Last unsat verified in 1.171 secs
---------------------------------------------------------

