
====================SMT Binary Search====================
Iteration  | Cu. Length      | Next Length   | Time (sec)   
---------------------------------------------------------
1          | 63500           | 31750         | 0.037        
2          | 31750           | 47625         | 0.039        
3          | 47625           | 39687         | 0.031        
4          | 39687           | 43656         | 0.055        
5          | 43656           | 41671         | 0.035        
6          | 41671           | 42664         | 0.053        
7          | 42664           | 43161         | 0.065        
8          | 43161           | 43410         | 0.063        
9          | 43410           | 43535         | 0.063        
10         | 43535           | 43598         | 0.061        
11         | 43598           | 43630         | 0.066        
12         | 43630           | 43646         | 0.060        
13         | 43646           | 43638         | 0.029        
14         | 43638           | 43642         | 0.067        
15         | 43642           | 43640         | 0.029        
16         | 43640           | 43639         | 0.027        
17         | 43640           | 43638         | 0.027        
18         | 43638           | 43639         | 0.063        
19         | 43638           | 43638         | 0.027        

  -- Verifying last unsat: 
	/home/nvidia/work/gits/RTG-Synch/simulator/smt/generated/mixed_n10_e0_rr_m8_N8/ts5_u3_p812/scripts/gl43638.smt2
  -- Last unsat verified in 0.077 secs
---------------------------------------------------------

