
====================SMT Binary Search====================
Iteration  | Cu. Length      | Next Length   | Time (sec)   
---------------------------------------------------------
1          | 16800           | 8400          | 0.024        
2          | 8400            | 12600         | 0.038        
3          | 12600           | 10500         | 0.031        
4          | 10500           | 11550         | 0.043        
5          | 11550           | 11025         | 0.025        
6          | 11025           | 10762         | 0.026        
7          | 10762           | 10894         | 0.052        
8          | 10894           | 10960         | 0.053        
9          | 10960           | 10993         | 0.055        
10         | 10993           | 11010         | 0.059        
11         | 11010           | 11019         | 0.056        
12         | 11019           | 11024         | 0.056        
13         | 11024           | 11021         | 0.026        
14         | 11021           | 11019         | 0.026        
15         | 11019           | 11020         | 0.056        
16         | 11019           | 11019         | 0.027        

  -- Verifying last unsat: 
	/home/nvidia/work/gits/RTG-Synch/simulator/smt/generated/mixed_n10_e0_rr_m8_N8/ts10_u3_p244/scripts/gl11019.smt2
  -- Last unsat verified in 0.056 secs
---------------------------------------------------------

