
====================SMT Binary Search====================
Iteration  | Cu. Length      | Next Length   | Time (sec)   
---------------------------------------------------------
1          | 95900           | 47950         | 0.032        
2          | 47950           | 71925         | 1.070        
3          | 71925           | 59937         | 0.031        
4          | 59937           | 53943         | 0.034        
5          | 53943           | 56940         | 2.008        
6          | 56940           | 55441         | 0.044        
7          | 55441           | 54691         | 0.042        
8          | 54691           | 54316         | 0.100        
9          | 54316           | 54128         | 0.106        
10         | 54128           | 54222         | 2.008        
11         | 54222           | 54269         | 2.008        
12         | 54269           | 54245         | 0.106        
13         | 54245           | 54233         | 0.107        
14         | 54233           | 54227         | 0.107        
15         | 54227           | 54230         | 2.008        
16         | 54230           | 54228         | 0.108        
17         | 54228           | 54229         | 2.008        
18         | 54228           | 54230         | 2.007        
19         | 54230           | 54229         | 0.103        
20         | 54230           | 54230         | 2.007        

  -- Verifying last unsat: 
	/home/nvidia/work/gits/RTG-Synch/simulator/smt/generated/mixed_n10_e0_rr_m8_N8/ts8_u6_p751/scripts/gl54229.smt2
  -- Last unsat verified in 14.960 secs
---------------------------------------------------------

