
====================SMT Binary Search====================
Iteration  | Cu. Length      | Next Length   | Time (sec)   
---------------------------------------------------------
1          | 54400           | 27200         | 0.026        
2          | 27200           | 40800         | 0.025        
3          | 40800           | 47600         | 0.024        
4          | 47600           | 51000         | 0.024        
5          | 51000           | 49300         | 0.029        
6          | 49300           | 50150         | 0.024        
7          | 50150           | 49725         | 0.024        
8          | 49725           | 49938         | 0.026        
9          | 49938           | 49831         | 0.024        
10         | 49831           | 49885         | 0.028        
11         | 49885           | 49858         | 0.024        
12         | 49858           | 49844         | 0.026        
13         | 49844           | 49851         | 0.025        
14         | 49851           | 49855         | 0.026        
15         | 49855           | 49857         | 0.022        
16         | 49857           | 49856         | 0.021        
17         | 49857           | 49857         | 0.023        

  -- Verifying last unsat: 
	/home/nvidia/work/gits/RTG-Synch/simulator/smt/generated/mixed_n10_e0_rr_m8_N8/ts2_u3_p1011/scripts/gl49856.smt2
  -- Last unsat verified in 0.024 secs
---------------------------------------------------------

