
====================SMT Binary Search====================
Iteration  | Cu. Length      | Next Length   | Time (sec)   
---------------------------------------------------------
1          | 38700           | 19350         | 0.025        
2          | 19350           | 29025         | 0.031        
3          | 29025           | 24187         | 0.025        
4          | 24187           | 26606         | 0.029        
5          | 26606           | 25396         | 0.026        
6          | 25396           | 24791         | 0.025        
7          | 24791           | 24488         | 0.026        
8          | 24488           | 24336         | 0.026        
9          | 24336           | 24260         | 0.027        
10         | 24260           | 24298         | 0.030        
11         | 24298           | 24317         | 0.029        
12         | 24317           | 24307         | 0.026        
13         | 24307           | 24302         | 0.026        
14         | 24302           | 24299         | 0.027        
15         | 24299           | 24301         | 0.029        
16         | 24301           | 24300         | 0.026        
17         | 24301           | 24299         | 0.026        
18         | 24299           | 24300         | 0.029        
19         | 24299           | 24299         | 0.026        

  -- Verifying last unsat: 
	/home/nvidia/work/gits/RTG-Synch/simulator/smt/generated/mixed_n10_e0_rr_m8_N8/ts6_u7_p552/scripts/gl24299.smt2
  -- Last unsat verified in 0.029 secs
---------------------------------------------------------

