
====================SMT Binary Search====================
Iteration  | Cu. Length      | Next Length   | Time (sec)   
---------------------------------------------------------
1          | 135300          | 67650         | 0.032        
2          | 67650           | 101475        | 0.037        
3          | 101475          | 84562         | 0.032        
4          | 84562           | 93019         | 0.047        
5          | 93019           | 97248         | 0.047        
6          | 97248           | 95133         | 0.029        
7          | 95133           | 96191         | 0.053        
8          | 96191           | 96720         | 0.049        
9          | 96720           | 96455         | 0.028        
10         | 96455           | 96322         | 0.028        
11         | 96322           | 96255         | 0.027        
12         | 96255           | 96221         | 0.026        
13         | 96221           | 96204         | 0.027        
14         | 96204           | 96195         | 0.026        
15         | 96195           | 96200         | 0.051        
16         | 96200           | 96197         | 0.027        
17         | 96197           | 96199         | 0.050        
18         | 96199           | 96200         | 0.049        
19         | 96199           | 96199         | 0.027        

  -- Verifying last unsat: 
	/home/nvidia/work/gits/RTG-Synch/simulator/smt/generated/mixed_n10_e0_rr_m8_N8/ts4_u4_p1443/scripts/gl96199.smt2
  -- Last unsat verified in 0.049 secs
---------------------------------------------------------

