
====================SMT Binary Search====================
Iteration  | Cu. Length      | Next Length   | Time (sec)   
---------------------------------------------------------
1          | 85600           | 42800         | 0.037        
2          | 42800           | 64200         | 0.070        
3          | 64200           | 74900         | 0.330        
4          | 74900           | 69550         | 0.043        
5          | 69550           | 66875         | 0.037        
6          | 66875           | 68213         | 0.845        
7          | 68213           | 67544         | 0.036        
8          | 67544           | 67879         | 0.821        
9          | 67879           | 67711         | 0.035        
10         | 67711           | 67795         | 0.869        
11         | 67795           | 67837         | 0.874        
12         | 67837           | 67816         | 0.037        
13         | 67816           | 67805         | 0.035        
14         | 67805           | 67799         | 0.035        
15         | 67799           | 67802         | 0.792        
16         | 67802           | 67800         | 0.036        
17         | 67800           | 67799         | 0.036        
18         | 67800           | 67800         | 0.823        

  -- Verifying last unsat: 
	/home/nvidia/work/gits/RTG-Synch/simulator/smt/generated/mixed_n10_e0_rr_m8_N8/ts6_u6_p829/scripts/gl67799.smt2
  -- Last unsat verified in 0.788 secs
---------------------------------------------------------

