
====================SMT Binary Search====================
Iteration  | Cu. Length      | Next Length   | Time (sec)   
---------------------------------------------------------
1          | 43300           | 21650         | 0.064        
2          | 21650           | 32475         | 0.223        
3          | 32475           | 27062         | 0.033        
4          | 27062           | 24355         | 0.081        
5          | 24355           | 25709         | 0.688        
6          | 25709           | 26386         | 1.445        
7          | 26386           | 26725         | 1.358        
8          | 26725           | 26555         | 0.091        
9          | 26555           | 26640         | 1.355        
10         | 26640           | 26597         | 0.062        
11         | 26597           | 26619         | 1.417        
12         | 26619           | 26630         | 1.437        
13         | 26630           | 26624         | 0.064        
14         | 26624           | 26627         | 1.501        
15         | 26627           | 26629         | 1.361        
16         | 26629           | 26630         | 1.637        
17         | 26629           | 26629         | 0.059        

  -- Verifying last unsat: 
	/home/nvidia/work/gits/RTG-Synch/simulator/smt/generated/mixed_n10_e0_rr_m8_N8/ts8_u5_p363/scripts/gl26629.smt2
  -- Last unsat verified in 1.595 secs
---------------------------------------------------------

