
====================SMT Binary Search====================
Iteration  | Cu. Length      | Next Length   | Time (sec)   
---------------------------------------------------------
1          | 17600           | 8800          | 0.035        
2          | 8800            | 13200         | 0.257        
3          | 13200           | 15400         | 2.023        
4          | 15400           | 14300         | 0.035        
5          | 14300           | 13750         | 0.150        
6          | 13750           | 14025         | 2.015        
7          | 14025           | 14163         | 2.016        
8          | 14163           | 14232         | 2.016        
9          | 14232           | 14267         | 2.015        
10         | 14267           | 14285         | 2.008        
11         | 14285           | 14276         | 0.134        
12         | 14276           | 14281         | 2.008        
13         | 14281           | 14278         | 0.129        
14         | 14278           | 14280         | 2.008        
15         | 14280           | 14279         | 0.130        
16         | 14280           | 14280         | 2.007        

  -- Verifying last unsat: 
	/home/nvidia/work/gits/RTG-Synch/simulator/smt/generated/mixed_n10_e0_rr_m8_N8/ts7_u6_p151/scripts/gl14279.smt2
  -- Last unsat verified in 30.008 secs
---------------------------------------------------------

