
====================SMT Binary Search====================
Iteration  | Cu. Length      | Next Length   | Time (sec)   
---------------------------------------------------------
1          | 17700           | 8850          | 0.035        
2          | 8850            | 13275         | 0.184        
3          | 13275           | 11062         | 0.032        
4          | 11062           | 12169         | 2.007        
5          | 12169           | 12723         | 2.007        
6          | 12723           | 13000         | 2.007        
7          | 13000           | 13139         | 2.007        
8          | 13139           | 13209         | 2.007        
9          | 13209           | 13174         | 0.031        
10         | 13174           | 13192         | 2.007        
11         | 13192           | 13201         | 2.007        
12         | 13201           | 13196         | 0.030        
13         | 13196           | 13199         | 2.006        
14         | 13199           | 13197         | 0.029        
15         | 13197           | 13198         | 2.006        
16         | 13197           | 13197         | 0.030        

  -- Verifying last unsat: 
	/home/nvidia/work/gits/RTG-Synch/simulator/smt/generated/mixed_n10_e0_rr_m8_N8/ts10_u6_p144/scripts/gl13197.smt2
  -- Last unsat verified in 30.007 secs
---------------------------------------------------------

