
====================SMT Binary Search====================
Iteration  | Cu. Length      | Next Length   | Time (sec)   
---------------------------------------------------------
1          | 94900           | 47450         | 0.028        
2          | 47450           | 71175         | 0.037        
3          | 71175           | 83038         | 0.067        
4          | 83038           | 77106         | 0.027        
5          | 77106           | 80072         | 0.062        
6          | 80072           | 78589         | 0.028        
7          | 78589           | 77847         | 0.030        
8          | 77847           | 78218         | 0.092        
9          | 78218           | 78032         | 0.030        
10         | 78032           | 77939         | 0.029        
11         | 77939           | 77986         | 0.089        
12         | 77986           | 78010         | 0.087        
13         | 78010           | 77998         | 0.030        
14         | 77998           | 78004         | 0.093        
15         | 78004           | 78001         | 0.031        
16         | 78001           | 77999         | 0.030        
17         | 77999           | 78000         | 0.094        
18         | 77999           | 77999         | 0.031        

  -- Verifying last unsat: 
	/home/nvidia/work/gits/RTG-Synch/simulator/smt/generated/mixed_n10_e0_rr_m8_N8/ts6_u4_p1194/scripts/gl77999.smt2
  -- Last unsat verified in 0.093 secs
---------------------------------------------------------

