
====================SMT Binary Search====================
Iteration  | Cu. Length      | Next Length   | Time (sec)   
---------------------------------------------------------
1          | 65600           | 32800         | 0.030        
2          | 32800           | 49200         | 0.025        
3          | 49200           | 57400         | 0.024        
4          | 57400           | 53300         | 0.027        
5          | 53300           | 55350         | 0.022        
6          | 55350           | 56375         | 0.024        
7          | 56375           | 55862         | 0.020        
8          | 55862           | 55605         | 0.021        
9          | 55605           | 55734         | 0.025        
10         | 55734           | 55799         | 0.021        
11         | 55799           | 55832         | 0.024        
12         | 55832           | 55815         | 0.024        
13         | 55815           | 55824         | 0.023        
14         | 55824           | 55819         | 0.024        
15         | 55819           | 55816         | 0.021        
16         | 55816           | 55814         | 0.025        
17         | 55814           | 55815         | 0.022        
18         | 55814           | 55816         | 0.022        
19         | 55816           | 55815         | 0.024        
20         | 55816           | 55816         | 0.022        

  -- Verifying last unsat: 
	/home/nvidia/work/gits/RTG-Synch/simulator/smt/generated/mixed_n10_e0_rr_m8_N8/ts2_u2_p1494/scripts/gl55815.smt2
  -- Last unsat verified in 0.021 secs
---------------------------------------------------------

