
====================SMT Binary Search====================
Iteration  | Cu. Length      | Next Length   | Time (sec)   
---------------------------------------------------------
1          | 53000           | 26500         | 0.020        
2          | 26500           | 39750         | 0.022        
3          | 39750           | 46375         | 0.026        
4          | 46375           | 43062         | 0.021        
5          | 43062           | 44719         | 0.031        
6          | 44719           | 43890         | 0.021        
7          | 43890           | 43475         | 0.022        
8          | 43475           | 43267         | 0.022        
9          | 43267           | 43163         | 0.022        
10         | 43163           | 43111         | 0.022        
11         | 43111           | 43085         | 0.022        
12         | 43085           | 43072         | 0.021        
13         | 43072           | 43079         | 0.031        
14         | 43079           | 43083         | 0.031        
15         | 43083           | 43081         | 0.022        
16         | 43081           | 43080         | 0.021        
17         | 43081           | 43081         | 0.031        

  -- Verifying last unsat: 
	/home/nvidia/work/gits/RTG-Synch/simulator/smt/generated/mixed_n10_e0_rr_m8_N8/ts3_u6_p799/scripts/gl43080.smt2
  -- Last unsat verified in 0.031 secs
---------------------------------------------------------

