
====================SMT Binary Search====================
Iteration  | Cu. Length      | Next Length   | Time (sec)   
---------------------------------------------------------
1          | 85700           | 42850         | 0.021        
2          | 42850           | 64275         | 0.022        
3          | 64275           | 74988         | 0.022        
4          | 74988           | 69631         | 0.020        
5          | 69631           | 66952         | 0.021        
6          | 66952           | 65612         | 0.021        
7          | 65612           | 64942         | 0.021        
8          | 64942           | 65277         | 0.021        
9          | 65277           | 65109         | 0.021        
10         | 65109           | 65025         | 0.021        
11         | 65025           | 64983         | 0.021        
12         | 64983           | 65004         | 0.021        
13         | 65004           | 64993         | 0.019        
14         | 64993           | 64999         | 0.021        
15         | 64999           | 65002         | 0.021        
16         | 65002           | 65000         | 0.021        
17         | 65000           | 64999         | 0.020        
18         | 65000           | 65000         | 0.022        

  -- Verifying last unsat: 
	/home/nvidia/work/gits/RTG-Synch/simulator/smt/generated/mixed_n10_e0_rr_m8_N8/ts9_u3_p1292/scripts/gl64999.smt2
  -- Last unsat verified in 0.021 secs
---------------------------------------------------------

