
====================SMT Binary Search====================
Iteration  | Cu. Length      | Next Length   | Time (sec)   
---------------------------------------------------------
1          | 47200           | 23600         | 0.022        
2          | 23600           | 35400         | 0.023        
3          | 35400           | 29500         | 0.023        
4          | 29500           | 26550         | 0.024        
5          | 26550           | 28025         | 0.021        
6          | 28025           | 27287         | 0.022        
7          | 27287           | 27656         | 0.021        
8          | 27656           | 27841         | 0.021        
9          | 27841           | 27934         | 0.021        
10         | 27934           | 27981         | 0.020        
11         | 27981           | 28005         | 0.022        
12         | 28005           | 27993         | 0.023        
13         | 27993           | 27999         | 0.020        
14         | 27999           | 28002         | 0.020        
15         | 28002           | 28000         | 0.021        
16         | 28000           | 27999         | 0.022        
17         | 28000           | 28000         | 0.022        

  -- Verifying last unsat: 
	/home/nvidia/work/gits/RTG-Synch/simulator/smt/generated/mixed_n10_e0_rr_m8_N8/ts1_u1_p1435/scripts/gl27999.smt2
  -- Last unsat verified in 0.021 secs
---------------------------------------------------------

