
====================SMT Binary Search====================
Iteration  | Cu. Length      | Next Length   | Time (sec)   
---------------------------------------------------------
1          | 2400            | 1200          | 0.021        
2          | 1200            | 1800          | 0.020        
3          | 1800            | 1500          | 0.019        
4          | 1500            | 1650          | 0.019        
5          | 1650            | 1725          | 0.019        
6          | 1725            | 1763          | 0.020        
7          | 1763            | 1782          | 0.019        
8          | 1782            | 1792          | 0.019        
9          | 1792            | 1797          | 0.019        
10         | 1797            | 1800          | 0.019        
11         | 1800            | 1798          | 0.020        
12         | 1798            | 1799          | 0.019        
13         | 1798            | 1800          | 0.019        
14         | 1800            | 1799          | 0.019        
15         | 1800            | 1800          | 0.019        

  -- Verifying last unsat: 
	/home/nvidia/work/gits/RTG-Synch/simulator/smt/generated/mixed_n10_e0_rr_m8_N8/ts10_u7_p62/scripts/gl1799.smt2
  -- Last unsat verified in 0.019 secs
---------------------------------------------------------

