
====================SMT Binary Search====================
Iteration  | Cu. Length      | Next Length   | Time (sec)   
---------------------------------------------------------
1          | 127200          | 63600         | 0.031        
2          | 63600           | 95400         | 1.059        
3          | 95400           | 79500         | 0.029        
4          | 79500           | 71550         | 0.032        
5          | 71550           | 75525         | 2.007        
6          | 75525           | 73537         | 0.089        
7          | 73537           | 74531         | 2.007        
8          | 74531           | 74034         | 0.174        
9          | 74034           | 74283         | 2.007        
10         | 74283           | 74408         | 2.008        
11         | 74408           | 74471         | 2.013        
12         | 74471           | 74503         | 2.007        
13         | 74503           | 74487         | 0.135        
14         | 74487           | 74479         | 0.166        
15         | 74479           | 74483         | 2.008        
16         | 74483           | 74485         | 2.008        
17         | 74485           | 74486         | 2.008        
18         | 74485           | 74485         | 0.171        

  -- Verifying last unsat: 
	/home/nvidia/work/gits/RTG-Synch/simulator/smt/generated/mixed_n10_e0_rr_m8_N8/ts10_u4_p1065/scripts/gl74485.smt2
  -- Last unsat verified in 8.719 secs
---------------------------------------------------------

