
====================SMT Binary Search====================
Iteration  | Cu. Length      | Next Length   | Time (sec)   
---------------------------------------------------------
1          | 50500           | 25250         | 0.019        
2          | 25250           | 37875         | 0.019        
3          | 37875           | 31562         | 0.019        
4          | 31562           | 34719         | 0.020        
5          | 34719           | 36298         | 0.019        
6          | 36298           | 35508         | 0.018        
7          | 35508           | 35903         | 0.018        
8          | 35903           | 35705         | 0.019        
9          | 35705           | 35804         | 0.018        
10         | 35804           | 35854         | 0.018        
11         | 35854           | 35879         | 0.018        
12         | 35879           | 35892         | 0.019        
13         | 35892           | 35899         | 0.019        
14         | 35899           | 35903         | 0.019        
15         | 35903           | 35901         | 0.019        
16         | 35901           | 35900         | 0.019        
17         | 35901           | 35899         | 0.019        
18         | 35899           | 35900         | 0.019        
19         | 35899           | 35899         | 0.019        

  -- Verifying last unsat: 
	/home/nvidia/work/gits/RTG-Synch/simulator/smt/generated/mixed_n1_e50_rr_m8_N4/ts1_u6_p788/scripts/gl35899.smt2
  -- Last unsat verified in 0.018 secs
---------------------------------------------------------

