
====================SMT Binary Search====================
Iteration  | Cu. Length      | Next Length   | Time (sec)   
---------------------------------------------------------
1          | 60700           | 30350         | 0.026        
2          | 30350           | 45525         | 0.036        
3          | 45525           | 37937         | 0.026        
4          | 37937           | 41731         | 0.029        
5          | 41731           | 39834         | 0.025        
6          | 39834           | 38885         | 0.025        
7          | 38885           | 39360         | 0.030        
8          | 39360           | 39598         | 0.032        
9          | 39598           | 39479         | 0.027        
10         | 39479           | 39539         | 0.029        
11         | 39539           | 39509         | 0.025        
12         | 39509           | 39524         | 0.029        
13         | 39524           | 39532         | 0.030        
14         | 39532           | 39536         | 0.029        
15         | 39536           | 39534         | 0.025        
16         | 39534           | 39533         | 0.025        
17         | 39534           | 39532         | 0.026        
18         | 39532           | 39533         | 0.029        
19         | 39532           | 39532         | 0.025        

  -- Verifying last unsat: 
	/home/nvidia/work/gits/RTG-Synch/simulator/smt/generated/mixed_n10_e0_rr_m8_N8/ts5_u7_p924/scripts/gl39532.smt2
  -- Last unsat verified in 0.030 secs
---------------------------------------------------------

