
====================SMT Binary Search====================
Iteration  | Cu. Length      | Next Length   | Time (sec)   
---------------------------------------------------------
1          | 91700           | 45850         | 0.031        
2          | 45850           | 68775         | 0.184        
3          | 68775           | 57312         | 0.036        
4          | 57312           | 51580         | 0.036        
5          | 51580           | 54446         | 0.262        
6          | 54446           | 55879         | 0.677        
7          | 55879           | 56596         | 0.958        
8          | 56596           | 56955         | 1.714        
9          | 56955           | 57135         | 2.007        
10         | 57135           | 57045         | 0.038        
11         | 57045           | 57000         | 0.037        
12         | 57000           | 56977         | 0.037        
13         | 56977           | 56989         | 2.006        
14         | 56989           | 56995         | 2.008        
15         | 56995           | 56998         | 2.007        
16         | 56998           | 57000         | 2.008        
17         | 57000           | 56999         | 0.041        
18         | 57000           | 57000         | 2.008        

  -- Verifying last unsat: 
	/home/nvidia/work/gits/RTG-Synch/simulator/smt/generated/mixed_n10_e0_rr_m8_N8/ts7_u7_p874/scripts/gl56999.smt2
  -- Last unsat verified in 3.214 secs
---------------------------------------------------------

