
====================SMT Binary Search====================
Iteration  | Cu. Length      | Next Length   | Time (sec)   
---------------------------------------------------------
1          | 137900          | 68950         | 0.034        
2          | 68950           | 103425        | 2.017        
3          | 103425          | 86187         | 0.032        
4          | 86187           | 77568         | 0.031        
5          | 77568           | 73258         | 0.048        
6          | 73258           | 75413         | 2.014        
7          | 75413           | 74335         | 0.288        
8          | 74335           | 74874         | 2.024        
9          | 74874           | 75144         | 2.016        
10         | 75144           | 75279         | 2.024        
11         | 75279           | 75347         | 2.016        
12         | 75347           | 75313         | 0.124        
13         | 75313           | 75330         | 2.019        
14         | 75330           | 75339         | 2.017        
15         | 75339           | 75334         | 0.124        
16         | 75334           | 75331         | 0.126        
17         | 75331           | 75329         | 0.126        
18         | 75329           | 75330         | 2.016        
19         | 75329           | 75331         | 2.015        
20         | 75331           | 75330         | 0.126        
21         | 75331           | 75331         | 2.023        

  -- Verifying last unsat: 
	/home/nvidia/work/gits/RTG-Synch/simulator/smt/generated/mixed_n10_e0_rr_m8_N8/ts8_u3_p1122/scripts/gl75330.smt2
  -- Last unsat verified in 22.813 secs
---------------------------------------------------------

