
====================SMT Binary Search====================
Iteration  | Cu. Length      | Next Length   | Time (sec)   
---------------------------------------------------------
1          | 56600           | 28300         | 0.029        
2          | 28300           | 42450         | 0.052        
3          | 42450           | 35375         | 0.027        
4          | 35375           | 31837         | 0.028        
5          | 31837           | 33606         | 0.070        
6          | 33606           | 32721         | 0.028        
7          | 32721           | 33164         | 0.093        
8          | 33164           | 33386         | 0.097        
9          | 33386           | 33497         | 0.097        
10         | 33497           | 33553         | 0.107        
11         | 33553           | 33525         | 0.027        
12         | 33525           | 33511         | 0.027        
13         | 33511           | 33518         | 0.105        
14         | 33518           | 33522         | 0.109        
15         | 33522           | 33520         | 0.026        
16         | 33520           | 33519         | 0.026        
17         | 33520           | 33520         | 0.099        

  -- Verifying last unsat: 
	/home/nvidia/work/gits/RTG-Synch/simulator/smt/generated/mixed_n10_e0_rr_m8_N8/ts7_u2_p685/scripts/gl33519.smt2
  -- Last unsat verified in 0.098 secs
---------------------------------------------------------

