
====================SMT Binary Search====================
Iteration  | Cu. Length      | Next Length   | Time (sec)   
---------------------------------------------------------
1          | 21800           | 10900         | 0.026        
2          | 10900           | 16350         | 0.035        
3          | 16350           | 19075         | 0.029        
4          | 19075           | 17712         | 0.028        
5          | 17712           | 17030         | 0.027        
6          | 17030           | 16689         | 0.026        
7          | 16689           | 16518         | 0.025        
8          | 16518           | 16432         | 0.027        
9          | 16432           | 16475         | 0.029        
10         | 16475           | 16497         | 0.030        
11         | 16497           | 16508         | 0.029        
12         | 16508           | 16502         | 0.029        
13         | 16502           | 16499         | 0.024        
14         | 16499           | 16501         | 0.030        
15         | 16501           | 16500         | 0.025        
16         | 16501           | 16499         | 0.030        
17         | 16499           | 16500         | 0.030        
18         | 16499           | 16499         | 0.026        

  -- Verifying last unsat: 
	/home/nvidia/work/gits/RTG-Synch/simulator/smt/generated/mixed_n10_e0_rr_m8_N8/ts4_u3_p333/scripts/gl16499.smt2
  -- Last unsat verified in 0.029 secs
---------------------------------------------------------

