
====================SMT Binary Search====================
Iteration  | Cu. Length      | Next Length   | Time (sec)   
---------------------------------------------------------
1          | 30900           | 15450         | 0.031        
2          | 15450           | 23175         | 0.180        
3          | 23175           | 19312         | 0.029        
4          | 19312           | 21244         | 2.007        
5          | 21244           | 20278         | 0.031        
6          | 20278           | 19795         | 0.044        
7          | 19795           | 20037         | 2.007        
8          | 20037           | 19916         | 0.060        
9          | 19916           | 19855         | 0.062        
10         | 19855           | 19824         | 0.047        
11         | 19824           | 19808         | 0.047        
12         | 19808           | 19800         | 0.047        
13         | 19800           | 19796         | 0.047        
14         | 19796           | 19798         | 2.008        
15         | 19798           | 19799         | 2.007        
16         | 19798           | 19800         | 2.007        
17         | 19800           | 19799         | 0.047        
18         | 19800           | 19800         | 2.007        

  -- Verifying last unsat: 
	/home/nvidia/work/gits/RTG-Synch/simulator/smt/generated/mixed_n10_e0_rr_m8_N8/ts9_u5_p258/scripts/gl19799.smt2
  -- Last unsat verified in 4.553 secs
---------------------------------------------------------

