
====================SMT Binary Search====================
Iteration  | Cu. Length      | Next Length   | Time (sec)   
---------------------------------------------------------
1          | 146100          | 73050         | 0.036        
2          | 73050           | 109575        | 0.172        
3          | 109575          | 91312         | 0.036        
4          | 91312           | 100444        | 2.008        
5          | 100444          | 95878         | 0.088        
6          | 95878           | 98161         | 2.008        
7          | 98161           | 99303         | 2.007        
8          | 99303           | 99874         | 2.007        
9          | 99874           | 99588         | 0.087        
10         | 99588           | 99731         | 2.008        
11         | 99731           | 99659         | 0.090        
12         | 99659           | 99623         | 0.090        
13         | 99623           | 99605         | 0.088        
14         | 99605           | 99596         | 0.094        
15         | 99596           | 99601         | 2.025        
16         | 99601           | 99598         | 0.089        
17         | 99598           | 99596         | 0.084        
18         | 99596           | 99597         | 2.007        
19         | 99596           | 99598         | 2.007        
20         | 99598           | 99597         | 0.085        
21         | 99598           | 99598         | 2.007        

  -- Verifying last unsat: 
	/home/nvidia/work/gits/RTG-Synch/simulator/smt/generated/mixed_n10_e0_rr_m8_N8/ts4_u6_p1291/scripts/gl99597.smt2
  -- Last unsat verified in 10.364 secs
---------------------------------------------------------

