
====================SMT Binary Search====================
Iteration  | Cu. Length      | Next Length   | Time (sec)   
---------------------------------------------------------
1          | 19800           | 9900          | 0.020        
2          | 9900            | 14850         | 0.020        
3          | 14850           | 17325         | 0.020        
4          | 17325           | 18563         | 0.020        
5          | 18563           | 17944         | 0.020        
6          | 17944           | 17634         | 0.020        
7          | 17634           | 17789         | 0.020        
8          | 17789           | 17867         | 0.019        
9          | 17867           | 17906         | 0.019        
10         | 17906           | 17886         | 0.019        
11         | 17886           | 17896         | 0.020        
12         | 17896           | 17901         | 0.019        
13         | 17901           | 17898         | 0.020        
14         | 17898           | 17900         | 0.019        
15         | 17900           | 17899         | 0.019        
16         | 17900           | 17900         | 0.019        

  -- Verifying last unsat: 
	/home/nvidia/work/gits/RTG-Synch/simulator/smt/generated/mixed_n10_e0_rr_m8_N8/ts10_u5_p1485/scripts/gl17899.smt2
  -- Last unsat verified in 0.019 secs
---------------------------------------------------------

