
====================SMT Binary Search====================
Iteration  | Cu. Length      | Next Length   | Time (sec)   
---------------------------------------------------------
1          | 6800            | 3400          | 0.022        
2          | 3400            | 5100          | 0.026        
3          | 5100            | 4250          | 0.025        
4          | 4250            | 3825          | 0.024        
5          | 3825            | 3612          | 0.023        
6          | 3612            | 3719          | 0.024        
7          | 3719            | 3773          | 0.023        
8          | 3773            | 3800          | 0.024        
9          | 3800            | 3814          | 0.023        
10         | 3814            | 3821          | 0.020        
11         | 3821            | 3825          | 0.021        
12         | 3825            | 3823          | 0.023        
13         | 3823            | 3824          | 0.022        
14         | 3823            | 3823          | 0.022        

  -- Verifying last unsat: 
	/home/nvidia/work/gits/RTG-Synch/simulator/smt/generated/mixed_n10_e0_rr_m8_N8/ts8_u3_p312/scripts/gl3823.smt2
  -- Last unsat verified in 0.021 secs
---------------------------------------------------------

