
====================SMT Binary Search====================
Iteration  | Cu. Length      | Next Length   | Time (sec)   
---------------------------------------------------------
1          | 141900          | 70950         | 0.033        
2          | 70950           | 35475         | 0.031        
3          | 35475           | 53213         | 0.044        
4          | 53213           | 62082         | 0.064        
5          | 62082           | 66517         | 0.067        
6          | 66517           | 68735         | 0.205        
7          | 68735           | 69844         | 0.311        
8          | 69844           | 69289         | 0.030        
9          | 69289           | 69011         | 0.031        
10         | 69011           | 68872         | 0.030        
11         | 68872           | 68802         | 0.034        
12         | 68802           | 68767         | 0.030        
13         | 68767           | 68749         | 0.029        
14         | 68749           | 68740         | 0.029        
15         | 68740           | 68735         | 0.029        
16         | 68735           | 68738         | 0.308        
17         | 68738           | 68740         | 0.318        
18         | 68740           | 68739         | 0.030        
19         | 68740           | 68740         | 0.302        

  -- Verifying last unsat: 
	/home/nvidia/work/gits/RTG-Synch/simulator/smt/generated/mixed_n10_e0_rr_m8_N8/ts6_u3_p1465/scripts/gl68739.smt2
  -- Last unsat verified in 0.304 secs
---------------------------------------------------------

