
====================SMT Binary Search====================
Iteration  | Cu. Length      | Next Length   | Time (sec)   
---------------------------------------------------------
1          | 157100          | 78550         | 0.045        
2          | 78550           | 117825        | 0.775        
3          | 117825          | 98187         | 0.030        
4          | 98187           | 88368         | 0.034        
5          | 88368           | 93278         | 2.016        
6          | 93278           | 90823         | 0.075        
7          | 90823           | 92051         | 2.014        
8          | 92051           | 91437         | 0.110        
9          | 91437           | 91130         | 0.096        
10         | 91130           | 90976         | 0.102        
11         | 90976           | 91053         | 2.015        
12         | 91053           | 91092         | 2.024        
13         | 91092           | 91112         | 2.023        
14         | 91112           | 91122         | 2.026        
15         | 91122           | 91117         | 0.106        
16         | 91117           | 91120         | 2.017        
17         | 91120           | 91122         | 2.015        
18         | 91122           | 91121         | 0.112        
19         | 91122           | 91120         | 0.112        
20         | 91120           | 91121         | 2.019        
21         | 91120           | 91120         | 0.108        

  -- Verifying last unsat: 
	/home/nvidia/work/gits/RTG-Synch/simulator/smt/generated/mixed_n10_e0_rr_m8_N8/ts3_u4_p1365/scripts/gl91120.smt2
  -- Last unsat verified in 15.029 secs
---------------------------------------------------------

