
====================SMT Binary Search====================
Iteration  | Cu. Length      | Next Length   | Time (sec)   
---------------------------------------------------------
1          | 96400           | 48200         | 0.029        
2          | 48200           | 72300         | 0.039        
3          | 72300           | 84350         | 0.043        
4          | 84350           | 78325         | 0.028        
5          | 78325           | 81338         | 0.045        
6          | 81338           | 82845         | 0.042        
7          | 82845           | 83599         | 0.045        
8          | 83599           | 83222         | 0.025        
9          | 83222           | 83411         | 0.049        
10         | 83411           | 83316         | 0.025        
11         | 83316           | 83268         | 0.027        
12         | 83268           | 83292         | 0.046        
13         | 83292           | 83304         | 0.046        
14         | 83304           | 83298         | 0.028        
15         | 83298           | 83301         | 0.048        
16         | 83301           | 83299         | 0.027        
17         | 83299           | 83300         | 0.045        
18         | 83299           | 83299         | 0.026        

  -- Verifying last unsat: 
	/home/nvidia/work/gits/RTG-Synch/simulator/smt/generated/mixed_n10_e0_rr_m8_N8/ts2_u4_p1204/scripts/gl83299.smt2
  -- Last unsat verified in 0.044 secs
---------------------------------------------------------

