
====================SMT Binary Search====================
Iteration  | Cu. Length      | Next Length   | Time (sec)   
---------------------------------------------------------
1          | 39300           | 19650         | 0.030        
2          | 19650           | 29475         | 0.031        
3          | 29475           | 24562         | 0.028        
4          | 24562           | 27019         | 0.038        
5          | 27019           | 25790         | 0.025        
6          | 25790           | 25175         | 0.026        
7          | 25175           | 25483         | 0.041        
8          | 25483           | 25329         | 0.027        
9          | 25329           | 25406         | 0.042        
10         | 25406           | 25445         | 0.043        
11         | 25445           | 25465         | 0.044        
12         | 25465           | 25455         | 0.029        
13         | 25455           | 25450         | 0.027        
14         | 25450           | 25447         | 0.028        
15         | 25447           | 25449         | 0.044        
16         | 25449           | 25448         | 0.026        
17         | 25449           | 25447         | 0.027        
18         | 25447           | 25448         | 0.046        
19         | 25447           | 25447         | 0.027        

  -- Verifying last unsat: 
	/home/nvidia/work/gits/RTG-Synch/simulator/smt/generated/mixed_n10_e0_rr_m8_N8/ts3_u3_p471/scripts/gl25447.smt2
  -- Last unsat verified in 0.048 secs
---------------------------------------------------------

