
====================SMT Binary Search====================
Iteration  | Cu. Length      | Next Length   | Time (sec)   
---------------------------------------------------------
1          | 32400           | 16200         | 0.036        
2          | 16200           | 24300         | 0.169        
3          | 24300           | 28350         | 1.901        
4          | 28350           | 26325         | 0.035        
5          | 26325           | 25312         | 0.034        
6          | 25312           | 25819         | 2.008        
7          | 25819           | 25565         | 0.053        
8          | 25565           | 25692         | 2.007        
9          | 25692           | 25756         | 2.008        
10         | 25756           | 25724         | 0.058        
11         | 25724           | 25740         | 2.007        
12         | 25740           | 25748         | 2.007        
13         | 25748           | 25744         | 0.057        
14         | 25744           | 25746         | 2.007        
15         | 25746           | 25747         | 2.007        
16         | 25746           | 25748         | 2.007        
17         | 25748           | 25747         | 0.058        
18         | 25748           | 25748         | 2.009        

  -- Verifying last unsat: 
	/home/nvidia/work/gits/RTG-Synch/simulator/smt/generated/mixed_n10_e0_rr_m8_N8/ts1_u7_p323/scripts/gl25747.smt2
  -- Last unsat verified in 3.884 secs
---------------------------------------------------------

