
====================SMT Binary Search====================
Iteration  | Cu. Length      | Next Length   | Time (sec)   
---------------------------------------------------------
1          | 77500           | 38750         | 0.030        
2          | 38750           | 58125         | 0.055        
3          | 58125           | 67813         | 0.237        
4          | 67813           | 72657         | 0.758        
5          | 72657           | 70235         | 0.087        
6          | 70235           | 69024         | 0.080        
7          | 69024           | 69630         | 0.970        
8          | 69630           | 69933         | 0.898        
9          | 69933           | 69781         | 0.069        
10         | 69781           | 69857         | 1.005        
11         | 69857           | 69819         | 0.072        
12         | 69819           | 69800         | 0.072        
13         | 69800           | 69790         | 0.069        
14         | 69790           | 69795         | 0.947        
15         | 69795           | 69792         | 0.073        
16         | 69792           | 69790         | 0.073        
17         | 69790           | 69791         | 0.964        
18         | 69790           | 69792         | 0.948        
19         | 69792           | 69791         | 0.074        
20         | 69792           | 69792         | 0.949        

  -- Verifying last unsat: 
	/home/nvidia/work/gits/RTG-Synch/simulator/smt/generated/mixed_n10_e0_rr_m8_N8/ts1_u5_p800/scripts/gl69791.smt2
  -- Last unsat verified in 0.947 secs
---------------------------------------------------------

