
====================SMT Binary Search====================
Iteration  | Cu. Length      | Next Length   | Time (sec)   
---------------------------------------------------------
1          | 9800            | 4900          | 0.021        
2          | 4900            | 7350          | 0.021        
3          | 7350            | 6125          | 0.021        
4          | 6125            | 5512          | 0.021        
5          | 5512            | 5819          | 0.020        
6          | 5819            | 5973          | 0.020        
7          | 5973            | 5896          | 0.021        
8          | 5896            | 5935          | 0.020        
9          | 5935            | 5915          | 0.021        
10         | 5915            | 5905          | 0.021        
11         | 5905            | 5900          | 0.021        
12         | 5900            | 5897          | 0.021        
13         | 5897            | 5899          | 0.020        
14         | 5899            | 5900          | 0.020        
15         | 5899            | 5899          | 0.021        

  -- Verifying last unsat: 
	/home/nvidia/work/gits/RTG-Synch/simulator/smt/generated/mixed_n10_e0_rr_m8_N8/ts5_u6_p409/scripts/gl5899.smt2
  -- Last unsat verified in 0.020 secs
---------------------------------------------------------

