
====================SMT Binary Search====================
Iteration  | Cu. Length      | Next Length   | Time (sec)   
---------------------------------------------------------
1          | 12800           | 6400          | 0.022        
2          | 6400            | 9600          | 0.023        
3          | 9600            | 11200         | 0.025        
4          | 11200           | 12000         | 0.027        
5          | 12000           | 11600         | 0.024        
6          | 11600           | 11800         | 0.023        
7          | 11800           | 11700         | 0.023        
8          | 11700           | 11650         | 0.023        
9          | 11650           | 11675         | 0.023        
10         | 11675           | 11662         | 0.023        
11         | 11662           | 11655         | 0.024        
12         | 11655           | 11659         | 0.027        
13         | 11659           | 11657         | 0.025        
14         | 11657           | 11656         | 0.024        
15         | 11657           | 11655         | 0.022        
16         | 11655           | 11656         | 0.025        
17         | 11655           | 11655         | 0.022        

  -- Verifying last unsat: 
	/home/nvidia/work/gits/RTG-Synch/simulator/smt/generated/mixed_n10_e0_rr_m8_N8/ts7_u1_p348/scripts/gl11655.smt2
  -- Last unsat verified in 0.025 secs
---------------------------------------------------------

