
====================SMT Binary Search====================
Iteration  | Cu. Length      | Next Length   | Time (sec)   
---------------------------------------------------------
1          | 9300            | 4650          | 0.037        
2          | 4650            | 6975          | 0.180        
3          | 6975            | 5812          | 0.036        
4          | 5812            | 5230          | 0.038        
5          | 5230            | 5521          | 0.739        
6          | 5521            | 5375          | 0.040        
7          | 5375            | 5302          | 0.032        
8          | 5302            | 5265          | 0.033        
9          | 5265            | 5284          | 0.737        
10         | 5284            | 5294          | 0.797        
11         | 5294            | 5299          | 0.752        
12         | 5299            | 5302          | 0.741        
13         | 5302            | 5300          | 0.034        
14         | 5300            | 5299          | 0.035        
15         | 5300            | 5300          | 0.774        

  -- Verifying last unsat: 
	/home/nvidia/work/gits/RTG-Synch/simulator/smt/generated/mixed_n10_e0_rr_m8_N8/ts6_u7_p90/scripts/gl5299.smt2
  -- Last unsat verified in 0.724 secs
---------------------------------------------------------

