
====================SMT Binary Search====================
Iteration  | Cu. Length      | Next Length   | Time (sec)   
---------------------------------------------------------
1          | 74800           | 37400         | 0.026        
2          | 37400           | 56100         | 0.045        
3          | 56100           | 65450         | 0.053        
4          | 65450           | 60775         | 0.025        
5          | 60775           | 58437         | 0.027        
6          | 58437           | 59606         | 0.067        
7          | 59606           | 60191         | 0.069        
8          | 60191           | 60484         | 0.074        
9          | 60484           | 60631         | 0.073        
10         | 60631           | 60557         | 0.026        
11         | 60557           | 60594         | 0.076        
12         | 60594           | 60613         | 0.081        
13         | 60613           | 60603         | 0.027        
14         | 60603           | 60598         | 0.027        
15         | 60598           | 60601         | 0.080        
16         | 60601           | 60599         | 0.026        
17         | 60599           | 60600         | 0.072        
18         | 60599           | 60599         | 0.027        

  -- Verifying last unsat: 
	/home/nvidia/work/gits/RTG-Synch/simulator/smt/generated/mixed_n10_e0_rr_m8_N8/ts5_u4_p887/scripts/gl60599.smt2
  -- Last unsat verified in 0.072 secs
---------------------------------------------------------

