
====================SMT Binary Search====================
Iteration  | Cu. Length      | Next Length   | Time (sec)   
---------------------------------------------------------
1          | 150000          | 75000         | 0.035        
2          | 75000           | 112500        | 0.123        
3          | 112500          | 93750         | 0.030        
4          | 93750           | 103125        | 0.423        
5          | 103125          | 107813        | 2.017        
6          | 107813          | 105469        | 0.081        
7          | 105469          | 106641        | 2.015        
8          | 106641          | 106055        | 0.081        
9          | 106055          | 105762        | 0.079        
10         | 105762          | 105909        | 2.021        
11         | 105909          | 105983        | 2.019        
12         | 105983          | 106020        | 2.028        
13         | 106020          | 106001        | 0.080        
14         | 106001          | 106011        | 2.024        
15         | 106011          | 106016        | 2.027        
16         | 106016          | 106013        | 0.085        
17         | 106013          | 106015        | 2.017        
18         | 106015          | 106014        | 0.081        
19         | 106015          | 106015        | 2.016        

  -- Verifying last unsat: 
	/home/nvidia/work/gits/RTG-Synch/simulator/smt/generated/mixed_n10_e0_rr_m8_N8/ts5_u6_p1336/scripts/gl106014.smt2
  -- Last unsat verified in 5.857 secs
---------------------------------------------------------

