
====================SMT Binary Search====================
Iteration  | Cu. Length      | Next Length   | Time (sec)   
---------------------------------------------------------
1          | 23400           | 11700         | 0.032        
2          | 11700           | 17550         | 0.303        
3          | 17550           | 14625         | 0.033        
4          | 14625           | 13162         | 0.038        
5          | 13162           | 12430         | 0.032        
6          | 12430           | 12796         | 0.305        
7          | 12796           | 12979         | 0.957        
8          | 12979           | 13071         | 0.995        
9          | 13071           | 13117         | 0.924        
10         | 13117           | 13094         | 0.033        
11         | 13094           | 13106         | 0.983        
12         | 13106           | 13100         | 0.033        
13         | 13100           | 13097         | 0.034        
14         | 13097           | 13099         | 0.911        
15         | 13099           | 13100         | 0.841        
16         | 13099           | 13099         | 0.034        

  -- Verifying last unsat: 
	/home/nvidia/work/gits/RTG-Synch/simulator/smt/generated/mixed_n10_e0_rr_m8_N8/ts10_u5_p185/scripts/gl13099.smt2
  -- Last unsat verified in 0.847 secs
---------------------------------------------------------

