
====================SMT Binary Search====================
Iteration  | Cu. Length      | Next Length   | Time (sec)   
---------------------------------------------------------
1          | 49100           | 24550         | 0.020        
2          | 24550           | 36825         | 0.020        
3          | 36825           | 42963         | 0.018        
4          | 42963           | 39894         | 0.019        
5          | 39894           | 38359         | 0.019        
6          | 38359           | 39127         | 0.018        
7          | 39127           | 39511         | 0.019        
8          | 39511           | 39703         | 0.018        
9          | 39703           | 39799         | 0.018        
10         | 39799           | 39847         | 0.019        
11         | 39847           | 39823         | 0.020        
12         | 39823           | 39835         | 0.018        
13         | 39835           | 39841         | 0.018        
14         | 39841           | 39838         | 0.018        
15         | 39838           | 39836         | 0.019        
16         | 39836           | 39837         | 0.018        
17         | 39836           | 39836         | 0.019        

  -- Verifying last unsat: 
	/home/nvidia/work/gits/RTG-Synch/simulator/smt/generated/mixed_n1_e50_rr_m8_N4/ts1_u6_p939/scripts/gl39836.smt2
  -- Last unsat verified in 0.018 secs
---------------------------------------------------------

