
====================SMT Binary Search====================
Iteration  | Cu. Length      | Next Length   | Time (sec)   
---------------------------------------------------------
1          | 126600          | 63300         | 0.032        
2          | 63300           | 94950         | 0.123        
3          | 94950           | 110775        | 2.007        
4          | 110775          | 102862        | 0.031        
5          | 102862          | 98905         | 0.043        
6          | 98905           | 100884        | 2.007        
7          | 100884          | 99894         | 0.097        
8          | 99894           | 99399         | 0.100        
9          | 99399           | 99647         | 2.007        
10         | 99647           | 99523         | 0.099        
11         | 99523           | 99461         | 0.102        
12         | 99461           | 99430         | 0.096        
13         | 99430           | 99414         | 0.096        
14         | 99414           | 99406         | 0.096        
15         | 99406           | 99402         | 0.097        
16         | 99402           | 99400         | 0.096        
17         | 99400           | 99399         | 0.098        
18         | 99400           | 99400         | 2.008        

  -- Verifying last unsat: 
	/home/nvidia/work/gits/RTG-Synch/simulator/smt/generated/mixed_n10_e0_rr_m8_N8/ts3_u5_p1123/scripts/gl99399.smt2
  -- Last unsat verified in 30.008 secs
---------------------------------------------------------

