
====================SMT Binary Search====================
Iteration  | Cu. Length      | Next Length   | Time (sec)   
---------------------------------------------------------
1          | 60600           | 30300         | 0.041        
2          | 30300           | 45450         | 0.203        
3          | 45450           | 37875         | 0.034        
4          | 37875           | 34087         | 0.045        
5          | 34087           | 32193         | 0.093        
6          | 32193           | 33140         | 0.905        
7          | 33140           | 33614         | 1.289        
8          | 33614           | 33851         | 1.588        
9          | 33851           | 33970         | 1.587        
10         | 33970           | 34030         | 2.024        
11         | 34030           | 34000         | 0.093        
12         | 34000           | 33985         | 0.092        
13         | 33985           | 33993         | 1.495        
14         | 33993           | 33997         | 1.686        
15         | 33997           | 33999         | 1.721        
16         | 33999           | 34000         | 1.225        
17         | 33999           | 33999         | 0.092        

  -- Verifying last unsat: 
	/home/nvidia/work/gits/RTG-Synch/simulator/smt/generated/mixed_n10_e0_rr_m8_N8/ts6_u5_p477/scripts/gl33999.smt2
  -- Last unsat verified in 1.235 secs
---------------------------------------------------------

