
====================SMT Binary Search====================
Iteration  | Cu. Length      | Next Length   | Time (sec)   
---------------------------------------------------------
1          | 38900           | 19450         | 0.027        
2          | 19450           | 29175         | 0.025        
3          | 29175           | 24312         | 0.028        
4          | 24312           | 21880         | 0.027        
5          | 21880           | 23096         | 0.026        
6          | 23096           | 22488         | 0.025        
7          | 22488           | 22792         | 0.025        
8          | 22792           | 22944         | 0.024        
9          | 22944           | 23020         | 0.025        
10         | 23020           | 23058         | 0.028        
11         | 23058           | 23039         | 0.024        
12         | 23039           | 23029         | 0.024        
13         | 23029           | 23024         | 0.024        
14         | 23024           | 23027         | 0.025        
15         | 23027           | 23029         | 0.025        
16         | 23029           | 23028         | 0.025        
17         | 23029           | 23029         | 0.026        

  -- Verifying last unsat: 
	/home/nvidia/work/gits/RTG-Synch/simulator/smt/generated/mixed_n10_e0_rr_m8_N8/ts6_u2_p766/scripts/gl23028.smt2
  -- Last unsat verified in 0.024 secs
---------------------------------------------------------

