
====================SMT Binary Search====================
Iteration  | Cu. Length      | Next Length   | Time (sec)   
---------------------------------------------------------
1          | 59700           | 29850         | 0.030        
2          | 29850           | 44775         | 0.028        
3          | 44775           | 52238         | 0.026        
4          | 52238           | 48506         | 0.031        
5          | 48506           | 46640         | 0.026        
6          | 46640           | 45707         | 0.027        
7          | 45707           | 46174         | 0.024        
8          | 46174           | 46408         | 0.030        
9          | 46408           | 46525         | 0.026        
10         | 46525           | 46466         | 0.026        
11         | 46466           | 46496         | 0.024        
12         | 46496           | 46511         | 0.026        
13         | 46511           | 46503         | 0.024        
14         | 46503           | 46507         | 0.027        
15         | 46507           | 46509         | 0.029        
16         | 46509           | 46508         | 0.026        
17         | 46509           | 46507         | 0.023        
18         | 46507           | 46508         | 0.026        
19         | 46507           | 46507         | 0.025        

  -- Verifying last unsat: 
	/home/nvidia/work/gits/RTG-Synch/simulator/smt/generated/mixed_n10_e0_rr_m8_N8/ts4_u2_p1113/scripts/gl46507.smt2
  -- Last unsat verified in 0.023 secs
---------------------------------------------------------

