
====================SMT Binary Search====================
Iteration  | Cu. Length      | Next Length   | Time (sec)   
---------------------------------------------------------
1          | 47200           | 23600         | 0.017        
2          | 23600           | 35400         | 0.017        
3          | 35400           | 29500         | 0.017        
4          | 29500           | 26550         | 0.016        
5          | 26550           | 28025         | 0.016        
6          | 28025           | 27287         | 0.019        
7          | 27287           | 27656         | 0.017        
8          | 27656           | 27841         | 0.016        
9          | 27841           | 27934         | 0.016        
10         | 27934           | 27981         | 0.016        
11         | 27981           | 28005         | 0.016        
12         | 28005           | 27993         | 0.016        
13         | 27993           | 27999         | 0.017        
14         | 27999           | 28002         | 0.016        
15         | 28002           | 28000         | 0.016        
16         | 28000           | 27999         | 0.016        
17         | 28000           | 28000         | 0.016        

  -- Verifying last unsat: 
	/home/nvidia/work/gits/RTG-Synch/simulator/smt/generated/mixed_n1_e50_rr_m8_N4/ts1_u1_p1435/scripts/gl27999.smt2
  -- Last unsat verified in 0.016 secs
---------------------------------------------------------

