
====================SMT Binary Search====================
Iteration  | Cu. Length      | Next Length   | Time (sec)   
---------------------------------------------------------
1          | 16000           | 8000          | 0.026        
2          | 8000            | 4000          | 0.026        
3          | 4000            | 6000          | 0.025        
4          | 6000            | 5000          | 0.024        
5          | 5000            | 5500          | 0.023        
6          | 5500            | 5750          | 0.023        
7          | 5750            | 5875          | 0.021        
8          | 5875            | 5938          | 0.022        
9          | 5938            | 5906          | 0.024        
10         | 5906            | 5890          | 0.022        
11         | 5890            | 5898          | 0.025        
12         | 5898            | 5902          | 0.022        
13         | 5902            | 5900          | 0.024        
14         | 5900            | 5899          | 0.023        
15         | 5900            | 5900          | 0.023        

  -- Verifying last unsat: 
	/home/nvidia/work/gits/RTG-Synch/simulator/smt/generated/mixed_n10_e0_rr_m8_N8/ts2_u1_p364/scripts/gl5899.smt2
  -- Last unsat verified in 0.021 secs
---------------------------------------------------------

