
====================SMT Binary Search====================
Iteration  | Cu. Length      | Next Length   | Time (sec)   
---------------------------------------------------------
1          | 8400            | 4200          | 0.027        
2          | 4200            | 6300          | 0.031        
3          | 6300            | 5250          | 0.025        
4          | 5250            | 4725          | 0.023        
5          | 4725            | 4988          | 0.022        
6          | 4988            | 4856          | 0.024        
7          | 4856            | 4922          | 0.023        
8          | 4922            | 4889          | 0.024        
9          | 4889            | 4906          | 0.024        
10         | 4906            | 4915          | 0.029        
11         | 4915            | 4910          | 0.024        
12         | 4910            | 4913          | 0.021        
13         | 4913            | 4911          | 0.024        
14         | 4911            | 4912          | 0.022        
15         | 4911            | 4911          | 0.022        

  -- Verifying last unsat: 
	/home/nvidia/work/gits/RTG-Synch/simulator/smt/generated/mixed_n10_e0_rr_m8_N8/ts3_u1_p361/scripts/gl4911.smt2
  -- Last unsat verified in 0.023 secs
---------------------------------------------------------

