
====================SMT Binary Search====================
Iteration  | Cu. Length      | Next Length   | Time (sec)   
---------------------------------------------------------
1          | 123600          | 61800         | 0.036        
2          | 61800           | 92700         | 0.227        
3          | 92700           | 77250         | 0.038        
4          | 77250           | 69525         | 0.041        
5          | 69525           | 73388         | 1.084        
6          | 73388           | 75320         | 1.098        
7          | 75320           | 76286         | 1.463        
8          | 76286           | 76769         | 1.964        
9          | 76769           | 77011         | 1.841        
10         | 77011           | 77132         | 2.015        
11         | 77132           | 77071         | 0.039        
12         | 77071           | 77102         | 1.987        
13         | 77102           | 77086         | 0.042        
14         | 77086           | 77094         | 1.988        
15         | 77094           | 77098         | 1.992        
16         | 77098           | 77100         | 1.710        
17         | 77100           | 77099         | 0.041        
18         | 77100           | 77100         | 1.462        

  -- Verifying last unsat: 
	/home/nvidia/work/gits/RTG-Synch/simulator/smt/generated/mixed_n10_e0_rr_m8_N8/ts7_u5_p1055/scripts/gl77099.smt2
  -- Last unsat verified in 1.461 secs
---------------------------------------------------------

