
====================SMT Binary Search====================
Iteration  | Cu. Length      | Next Length   | Time (sec)   
---------------------------------------------------------
1          | 6700            | 3350          | 0.031        
2          | 3350            | 5025          | 0.127        
3          | 5025            | 5863          | 2.007        
4          | 5863            | 5444          | 0.030        
5          | 5444            | 5234          | 0.068        
6          | 5234            | 5129          | 0.041        
7          | 5129            | 5182          | 2.007        
8          | 5182            | 5155          | 0.083        
9          | 5155            | 5141          | 0.079        
10         | 5141            | 5148          | 2.008        
11         | 5148            | 5144          | 0.102        
12         | 5144            | 5146          | 2.007        
13         | 5146            | 5145          | 0.077        
14         | 5146            | 5144          | 0.077        
15         | 5144            | 5145          | 2.007        
16         | 5144            | 5144          | 0.077        

  -- Verifying last unsat: 
	/home/nvidia/work/gits/RTG-Synch/simulator/smt/generated/mixed_n10_e0_rr_m8_N8/ts9_u4_p75/scripts/gl5144.smt2
  -- Last unsat verified in 30.008 secs
---------------------------------------------------------

